0   Unknown                          0   0   0   0
1   FP.d                             0   0 255   0
2   FP.m                           255   0   0   0
3   FP.v                             0 255   0   0
4   SFG.rm                         158  70  53   0
5   SFG.cm                           0 141 255   0
6   SFG.r                          255 123 220   0
7   SFG.ri                           0 246 255   0
8   SFG.ci                           0 106   9   0
9   SFG.c                          255 220 123   0
10  IFG.rd                          62   0 106   0
11  IFG.cd                          79 123 141   0
12  IFG.cv                         229   0 255   0
13  IFG.iv                         255 120 255   0
14  IFG.rv                         141 255 158   0
15  OrG.rm                         123  88 246   0
16  OrG.cm                         237 132   0   0
17  OrG.ri                         123 106   0   0
18  OrG.ci                         141   0  88   0
19  OrG.rl                         255   0 106   0
20  OrG.cl                         220 255   0   0
21  M1.v                           167   9 167   0
22  M1.i                           255 158 176   0
23  M1.d                            97 185   0   0
24  M1.m                             0  44  97   0
25  PM.rd                          158 185 141   0
26  PM.cd                          255 211   0   0
27  PM.i                            97  62  79   0
28  PM.cv                           62 193 255   0
29  PM.rv                           62  79  44   0
30  PM.rm                          141 106 176   0
31  PM.cm                            0 185 141   0
32  PoCG.dm                          0   0 158   0
33  PoCG.d                         255 106  79   0
34  PoCG.i                         237 185 255   0
35  PoCG.v                          70   0   0   0
36  FPO.r                          255   0 167   0
37  FPO.ri                         202 149 106   0
38  FPO.ci                         220 255 123   0
39  FPO.c                           44  70 176   0
40  SPL.rv                         202 132 255   0
41  SPL.iv                         149 211 220   0
42  SPL.cv                         158 167   0   0
43  SPL.rd                         167   0   0   0
44  SPL.cd                           0 255 114   0
45  SPL.m                          176 149 167   0
46  IPL.sr                         176 255 211   0
47  IPL.sri                          0 176  79   0
48  IPL.sci                         88  53   0   0
49  IPL.sc                           0 106 167   0
50  IPL.gr                         229  79 141   0
51  IPL.gri                        255 255 202   0
52  IPL.gci                        132   0 229   0
53  IPL.gc                          44   0  44   0
54  PrCu.vr                        149 167 229   0
55  PrCu.dr                        141 193  97   0
56  PrCu.dc                         35 123  97   0
57  PrCu.di                        176  97 132   0
58  PrCu.vi                        176   0  62   0
59  PrCu.vc                        255  62 229   0
60  PrL.d                            0  62  70   0
61  PrL.i                          167  88   0   0
62  PrL.STS                          0  62 255   0
63  PrL.v                          106 132  62   0
64  SFL.r                          202 149  44   0
65  SFL.i                          106  44 106   0
66  STG.gc                         202  88 255   0
67  STG.gr                         255 202 185   0
68  STG.gri                        255 158  97   0
69  STG.gci                          0 167 176   0
70  STSU.rEx                       132 106  88   0
71  STSU.cEx                         0 255 202   0
72  STSU.r                         255   0  62   0
73  STSU.ri                        149 255  62   0
74  STSU.ci                        176  70 158   0
75  STSU.c                         114   9 176   0
76  STSL.r                         132  70 185   0
77  STSL.cIn                       149 149 255   0
78  STSL.cEx                       255 106 123   0
79  ITG.gr                           0 106 255   0
80  ITG.gdc                         88 141   0   0
81  ITG.gvc                         53  35  18   0
82  PHG.r                          176 167  79   0
83  PHG.mi                           0   0  70   0
84  PHG.li                         229  79   0   0
85  PHG.cm                         237 237  70   0
86  PHG.cl                           0  62   0   0
87  TP.vr                           88  88 132   0
88  TP.mr                           26 211  18   0
89  TP.lr                            0  35   9   0
90  TP.dr                          123  44  62   0
91  TP.cEx                         202 246 167   0
92  TP.cIn                         167 211   9   0
93  V1.cm                          246 141 123   0
94  V1.dl                           26 141  79   0
95  V1.vl                          114   0   0   0
96  V1.mvi                         211 229 211   0
97  V1.mdi                           0  18  44   0
98  V1.rm                          193   0 132   0
99  V2.l                           106 220 202   0
100 V2.d                            70  79   0   0
101 V2.v                           114 141 123   0
102 V2.dm                          185 114 106   0
103 V2.vm                            0  26 141   0
104 VMO.l                          149  97  44   0
105 VMO.i                            0 255 158   0
106 VMO.m                          220 132 193   0
107 INS.vr                         123 237  97   0
108 INS.dr                         255 176   9   0
109 INS.ri                          79  88  88   0
110 INS.v                          123 202 141   0
111 INS.ci                         141 123  70   0
112 INS.c                            0 141 185   0
113 CG.vr                          185 193 220   0
114 CG.ir                          193  79  97   0
115 CG.dr                           70  53 123   0
116 CG.idr                         114   0 114   0
117 CG.idc                          88   0  53   0
118 CG.ivr                          79  97 176   0
119 CG.ivc                         211 193 141   0
120 CG.dc                          220 193  53   0
121 CG.vc                          185 167 149   0
122 CG.RSr                         220  97 229   0
123 CG.Rsi                           9  62 211   0
124 CG.RSc                         114 106 229   0