0   ???                            0.667 0.667 0.667 0.0
1   MEDIAL_WALL                    0.0 0.0 0.0 1.0
2   1                              1.0 0.467 0.475 1.0
3   10                             1.0 0.0 0.0 1.0
4   11                             0.0 0.624 0.0 1.0
5   12                             0.482 0.0 1.0 1.0
6   13                             0.231 0.231 0.251 1.0
7   14                             0.373 0.0 0.502 1.0
8   23                             0.0 0.271 0.0 1.0
9   24a                            0.0 0.933 0.475 1.0
10   24b                            1.0 0.573 0.322 1.0
11   24c                            0.475 0.0 0.063 1.0
12   24d                            1.0 0.275 0.176 1.0
13   25                             0.0 0.478 0.0 1.0
14   2                              0.624 0.0 0.267 1.0
15   31                             0.0 0.0 0.329 1.0
16   32                             0.0 0.475 1.0 1.0
17   3                              0.267 0.769 0.773 1.0
18   44                             1.0 1.0 0.675 1.0
19   45A                            0.776 0.0 0.776 1.0
20   45B                            0.0 0.478 0.482 1.0
21   46d                            1.0 0.475 0.0 1.0
22   46v                            1.0 0.922 0.0 1.0
23   5                              0.208 0.302 0.51 1.0
24   7A                             0.576 0.212 0.024 1.0
25   7B                             0.373 0.18 0.667 1.0
26   7m                             0.525 0.533 0.875 1.0
27   7op                            0.0 0.18 0.773 1.0
28   8B                             0.4 0.471 1.0 1.0
29   8l                             0.631 0.0 0.0 1.0
30   8m                             0.431 0.173 0.0 1.0
31   8r                             0.922 0.0 0.204 1.0
32   9/46d                          0.475 0.624 0.0 1.0
33   9/46v                          0.773 1.0 0.0 1.0
34   9                              1.0 0.722 0.0 1.0
35   AIP                            0.663 0.522 0.0 1.0
36   CORE                           1.0 0.0 0.0 1.0
37   DP                             0.58 0.58 0.224 1.0
38   ENTORHINAL                     0.51 0.773 0.224 1.0
39   F1                             0.373 0.282 0.161 1.0
40   F2                             1.0 0.573 1.0 1.0
41   F3                             0.576 0.514 0.91 1.0
42   F4                             0.02 0.169 0.506 1.0
43   F5                             0.722 0.859 1.0 1.0
44   F6                             0.082 0.875 1.0 1.0
45   F7                             1.0 0.22 0.275 1.0
46   FST                            0.475 0.224 0.122 1.0
47   Gu                             0.0 0.18 0.0 1.0
48   INSULA                         0.573 0.275 1.0 1.0
49   IPa                            0.0 0.604 1.0 1.0
50   LB                             0.0 0.255 0.455 1.0
51   LIP                            1.0 0.463 0.0 1.0
52   MB                             0.502 0.231 0.322 1.0
53   MIP                            0.204 0.475 0.251 1.0
54   MST                            0.573 0.522 0.722 1.0
55   MT                             1.0 0.0 0.0 1.0
56   OPAI                           0.969 0.851 0.573 1.0
57   OPRO                           1.0 0.871 0.875 1.0
58   PBc                            0.922 0.808 0.216 1.0
59   PBr                            0.769 1.0 1.0 1.0
60   PERIRHINAL                     0.0 0.0 0.502 1.0
61   PGa                            0.478 0.659 0.4 1.0
62   PIP                            1.0 0.0 0.58 1.0
63   PIRIFORM                       1.0 1.0 0.0 1.0
64   VIP                            0.0 0.722 0.0 1.0
65   STPr                           0.271 0.0 0.624 1.0
66   STPi                           0.404 0.0 0.322 1.0
67   STPc                           0.71 0.0 0.322 1.0
68   TPt                            0.522 0.765 0.675 1.0
69   SII                            0.871 0.027 0.024 1.0
70   ProM                           0.773 1.0 0.776 1.0
71   SUBICULUM                      0.118 0.51 0.902 1.0
72   TH/TF                          1.0 0.0 0.573 1.0
73   TEO                            1.0 0.373 0.624 1.0
74   V2                             1.0 1.0 0.0 1.0
75   V3                             0.0 1.0 0.0 1.0
76   V1                             0.824 0.224 0.224 1.0
77   V3A                            0.18 0.451 0.18 1.0
78   V4                             0.0 0.0 1.0 1.0
79   V4t                            0.675 0.067 0.518 1.0
80   V6                             0.655 0.0 1.0 1.0
81   V6A                            0.133 0.733 0.482 1.0
82   Pro.St                         1.0 0.624 0.302 1.0
83   TEMPORAL_POLE                  0.522 0.0 0.475 1.0
84   TEOm                           0.275 0.455 0.675 1.0
85   TEa/mp                         0.224 0.733 0.212 1.0
86   TEpd                           0.875 0.627 0.0 1.0
87   TEpv                           0.675 0.82 0.0 1.0
88   TEa/ma                         0.376 0.863 0.667 1.0
89   TEad                           0.0 1.0 0.973 1.0
90   TEav                           0.0 1.0 0.408 1.0
91   29/30                          0.725 0.267 1.0 1.0
92   Parainsula                     0.675 0.875 1.0 1.0
93   MEDIAL.WALL                    0.075 0.075 0.075 1.0
94   AIP_LV00                       1.0 0.522 0.0 1.0
95   3a_LV00                        0.314 0.475 1.0 1.0
96   8Ac_LV00                       0.0 1.0 0.0 1.0
97   G_LV00                         0.0 0.173 0.0 1.0
98   TAa_LV00                       0.675 1.0 0.0 1.0
99   S2_LV00                        0.161 0.553 0.275 1.0
100   2_LV00                         1.0 0.373 0.373 1.0
101   1_LV00                         1.0 0.467 0.475 1.0
102   3b_LV00                        0.314 0.675 0.675 1.0
103   Ig_Id_LV00                     0.675 0.024 0.024 1.0
104   ER_LV00                        0.675 0.675 0.922 1.0
105   36_LV00                        0.467 0.0 0.122 1.0
106   4_LV00                         1.0 0.067 0.4 1.0
107   6DR_LV00                       0.0 0.675 0.173 1.0
108   6Ds_LV00                       0.373 1.0 0.0 1.0
109   31_LV00                        0.0 0.0 0.322 1.0
110   23_LV00                        0.118 0.118 1.0 1.0
111   7t_LV00                        0.0 0.373 0.773 1.0
112   PA_LV00                        0.259 0.722 1.0 1.0
113   Tpt_LV00                       0.525 0.573 0.973 1.0
114   Ts_LV00                        0.475 0.0 0.651 1.0
115   Pi_LV00                        0.675 0.875 1.0 1.0
116   6Vb_LV00                       0.475 1.0 0.0 1.0
117   PrCO_LV00                      0.0 0.373 0.0 1.0
118   6Vam_LV00                      0.573 0.373 0.373 1.0
119   Ri_LV00                        0.502 0.0 0.0 1.0
120   7op_LV00                       0.0 0.173 0.773 1.0
121   6DC_LV00                       0.118 0.118 0.118 1.0
122   4C_LV00                        0.475 0.475 0.475 1.0
123   24ab_LV00                      0.475 0.475 1.0 1.0
124   24d_LV00                       0.475 1.0 0.0 1.0
125   6M_LV00                        0.173 0.373 0.573 1.0
126   46v_LV00                       1.0 0.922 0.0 1.0
127   45_LV00                        0.075 0.224 0.075 1.0
128   8Am_LV00                       1.0 0.0 0.475 1.0
129   8As_LV00                       1.0 0.0 1.0 1.0
130   IPa_LV00                       0.0 0.604 1.0 1.0
131   A1_LV00                        0.475 1.0 1.0 1.0
132   7b_LV00                        0.875 0.722 0.224 1.0
133   LIPv_LV00                      0.973 0.204 0.0 1.0
134   VIPm_LV00                      0.0 0.318 0.0 1.0
135   LIPd_LV00                      1.0 0.706 0.373 1.0
136   MT_LV00                        1.0 0.0 0.0 1.0
137   MIP_LV00                       0.204 0.475 0.251 1.0
138   MDP_LV00                       0.753 0.106 0.024 1.0
139   TEa_m_LV00                     0.373 0.863 0.667 1.0
140   V4tp_LV00                      0.773 0.0 0.463 1.0
141   V3_LV00                        0.0 1.0 0.0 1.0
142   MSTdp_LV00                     0.922 0.667 0.275 1.0
143   MSTm_LV00                      0.922 0.667 0.275 1.0
144   TPOr_LV00                      0.706 0.706 0.471 1.0
145   TE1_3_LV00                     0.318 1.0 0.471 1.0
146   V4ta_LV00                      0.973 0.0 0.373 1.0
147   V3A_LV00                       0.173 0.451 0.173 1.0
148   LOP_LV00                       1.0 1.0 0.0 1.0
149   PIP_LV00                       1.0 0.0 0.573 1.0
150   VIPl_LV00                      0.0 0.824 0.0 1.0
151   PO_LV00                        0.216 0.357 0.0 1.0
152   MSTda_LV00                     0.922 0.322 0.275 1.0
153   TPOi_LV00                      0.706 0.706 0.471 1.0
154   TPOc_LV00                      0.706 0.706 0.471 1.0
155   FST_LV00                       0.475 0.224 0.122 1.0
156   TF_LV00                        0.6 1.0 0.0 1.0
157   TE1_3d_LV00                    0.122 0.455 0.173 1.0
158   TE1_3v_LV00                    0.224 0.804 0.471 1.0
159   V4_LV00                        0.0 0.0 1.0 1.0
160   DP_LV00                        0.573 0.573 0.224 1.0
161   7a_LV00                        0.573 0.212 0.024 1.0
162   46p_LV00                       1.0 0.0 0.475 1.0
163   13m_LV00                       0.373 0.373 0.0 1.0
164   13l_LV00                       0.973 0.573 0.0 1.0
165   35_LV00                        0.467 0.067 0.067 1.0
166   5V_LV00                        1.0 0.475 1.0 1.0
167   6Val                           0.0 0.275 0.275 1.0
168   32_LV00                        0.0 0.475 1.0 1.0
169   10m_LV00                       0.0 0.0 0.973 1.0
170   13a_b_LV00                     0.0 0.973 0.973 1.0
171   12_LV00                        0.475 0.0 1.0 1.0
172   5D_LV00                        0.475 0.475 0.0 1.0
173   11m_LV00                       0.0 0.573 0.0 1.0
174   11l_LV00                       0.973 0.0 0.0 1.0
175   14r_LV00                       0.475 1.0 0.0 1.0
176   VP_LV00                        0.0 1.0 0.475 1.0
177   V2v_LV00                       1.0 1.0 0.0 1.0
178   V2d_LV00                       1.0 1.0 0.0 1.0
179   9_LV00                         1.0 0.722 0.0 1.0
180   V1_LV00                        0.824 0.224 0.224 1.0
181   UNK                            0.573 0.573 0.573 1.0
182   1_FV91                         1.0 0.467 0.475 1.0
183   3b_FV91                        0.314 0.675 0.675 1.0
184   2_FV91                         0.624 0.0 0.267 1.0
185   4_FV91                         1.0 0.067 0.4 1.0
186   3a_FV91                        0.314 0.475 1.0 1.0
187   5_FV91                         0.208 0.302 0.51 1.0
188   6_FV91                         0.522 0.118 0.118 1.0
189   7a_FV91                        0.573 0.212 0.024 1.0
190   DP_FV91                        0.573 0.573 0.224 1.0
191   SMA_FV91                       0.0 0.373 0.773 1.0
192   23_FV91                        0.0 0.271 0.0 1.0
193   9_FV91                         1.0 0.722 0.0 1.0
194   MDP_FV91                       0.753 0.106 0.024 1.0
195   LIP_FV91                       1.0 0.463 0.0 1.0
196   V2_FV91                        1.0 1.0 0.0 1.0
197   7b_FV91                        0.875 0.722 0.224 1.0
198   MIP_FV91                       0.204 0.475 0.251 1.0
199   V4_FV91                        0.0 0.0 1.0 1.0
200   VIP_FV91                       0.0 0.722 0.0 1.0
201   AUD_FV91                       0.004 0.424 0.275 1.0
202   24_FV91                        0.267 0.267 1.0 1.0
203   V3_FV91                        0.0 1.0 0.0 1.0
204   FEF_FV91                       0.361 0.122 0.012 1.0
205   PO_FV91                        0.216 0.357 0.0 1.0
206   MSTd_FV91                      0.757 0.514 0.024 1.0
207   V4t_FV91                       1.0 1.0 0.0 1.0
208   MT_FV91                        1.0 0.0 0.0 1.0
209   10_FV91                        1.0 0.0 0.0 1.0
210   30_FV91                        0.4 0.0 0.867 1.0
211   Ri_FV91                        0.502 0.0 0.0 1.0
212   V3A_FV91                       0.173 0.451 0.173 1.0
213   PIP_FV91                       1.0 0.0 0.573 1.0
214   46_FV91                        0.224 0.773 0.471 1.0
215   STPp_FV91                      0.204 0.31 0.008 1.0
216   29_FV91                        0.267 0.0 0.522 1.0
217   SII_FV91                       0.871 0.024 0.024 1.0
218   PITd_FV91                      0.173 1.0 0.204 1.0
219   45_FV91                        0.075 0.224 0.075 1.0
220   12_FV91                        0.475 0.0 1.0 1.0
221   MSTl_FV91                      0.624 0.608 0.016 1.0
222   AI_FV91                        0.706 0.922 0.824 1.0
223   32_FV91                        0.0 0.475 1.0 1.0
224   CM_FV91                        0.157 0.624 0.51 1.0
225   VOT_FV91                       0.259 0.757 1.0 1.0
226   25_FV91                        0.0 0.475 0.0 1.0
227   PA_FV91                        0.259 0.722 1.0 1.0
228   PrS_FV91                       0.0 0.451 0.059 1.0
229   L_FV91                         0.314 0.722 0.573 1.0
230   11_FV91                        0.0 0.624 0.0 1.0
231   14_FV91                        0.373 0.0 0.502 1.0
232   PITv_FV91                      0.275 1.0 0.522 1.0
233   RL_FV91                        0.471 0.863 0.706 1.0
234   V1_FV91                        0.824 0.224 0.224 1.0
235   13_FV91                        0.224 0.224 0.251 1.0
236   CA3_FV91                       1.0 0.0 0.773 1.0
237   S_FV91                         0.0 0.0 0.902 1.0
238   FST_FV91                       0.475 0.224 0.122 1.0
239   PS_FV91                        0.373 0.224 0.075 1.0
240   Ig_FV91                        0.373 0.573 0.173 1.0
241   G_FV91                         0.0 0.173 0.0 1.0
242   CA1_FV91                       0.773 0.475 1.0 1.0
243   Id_FV91                        0.522 0.024 0.02 1.0
244   Pro_FV91                       1.0 0.051 0.722 1.0
245   TH_FV91                        1.0 0.0 0.573 1.0
246   TF_FV91                        0.6 1.0 0.0 1.0
247   CITv_FV91                      0.012 0.808 0.271 1.0
248   CITd_FV91                      0.024 0.769 0.024 1.0
249   Pall_FV91                      0.973 0.322 1.0 1.0
250   STPa_FV91                      0.075 0.255 0.008 1.0
251   36_FV91                        0.467 0.0 0.122 1.0
252   PaS_FV91                       0.059 0.451 0.824 1.0
253   PIR_FV91                       1.0 0.475 0.824 1.0
254   35_FV91                        0.467 0.067 0.067 1.0
255   AITd_FV91                      0.016 0.424 0.02 1.0
256   PAC_FV91                       1.0 0.663 0.918 1.0
257   ER_FV91                        0.675 0.675 0.922 1.0
258   AITv_FV91                      0.016 0.565 0.204 1.0
259   A1_FV91                        0.475 1.0 1.0 1.0
260   PSd_FV91                       0.008 0.0 1.0 1.0
261   Aud_FV91                       1.0 0.0 0.0 1.0
262   VOT_LV00                       0.259 0.757 1.0 1.0
263   VP                             0.0 1.0 0.475 1.0
264   VIP_PGR91                      0.0 0.722 0.0 1.0
265   LIP_PGR91                      1.0 0.463 0.0 1.0
266   7am_PGR91                      1.0 1.0 0.0 1.0
267   7al_PGR91                      0.553 1.0 0.0 1.0
268   7b_PGR91                       0.875 0.722 0.224 1.0
269   OAa_SP78                       1.0 0.0 0.0 1.0
270   PGa_SP78                       0.624 0.659 0.475 1.0
271   TPO_SP78                       0.255 0.275 0.475 1.0
272   TAa_SP78                       0.675 1.0 0.0 1.0
273   IPa_SP78                       0.0 0.604 1.0 1.0
274   TEa_SP78                       0.0 1.0 0.973 1.0
275   TEm_SP78                       0.0 0.0 1.0 1.0
276   TE3_SP78                       1.0 0.275 0.0 1.0
277   TE2_SP78                       0.902 0.373 0.0 1.0
278   TE1_SP78                       1.0 0.561 0.0 1.0
279   IPd_SP80_86                    1.0 1.0 0.0 1.0
280   POae_SP80_86                   0.961 0.722 0.475 1.0
281   POai_SP80_86                   0.961 0.322 0.161 1.0
282   V3d_UD86                       0.0 1.0 0.0 1.0
283   V3A_UD86                       0.173 0.451 0.173 1.0
284   PO_UD86                        0.216 0.357 0.0 1.0
285   VIP_UD86                       0.0 0.722 0.0 1.0
286   V2_UD86                        1.0 1.0 0.0 1.0
287   V3v_UD86                       0.0 1.0 0.0 1.0
288   V4_UD86                        0.0 0.0 1.0 1.0
289   V4t_UD86                       1.0 1.0 0.0 1.0
290   MT_UD86                        1.0 0.0 0.0 1.0
291   MST_UD86                       0.573 0.522 0.722 1.0
292   FST_UD86                       0.475 0.224 0.122 1.0
293   TEO_UD86                       1.0 0.373 0.624 1.0
294   TEc_UD86                       0.0 0.0 1.0 1.0
295   TEr_UD86                       0.0 0.0 1.0 1.0
296   TEm_UD86                       0.0 0.0 1.0 1.0
297   TF_UD86                        0.6 1.0 0.0 1.0
298   V1_UD86                        0.824 0.224 0.224 1.0
299   TAa_BRL87                      0.675 1.0 0.0 1.0
300   TPO_BRL87                      0.255 0.275 0.475 1.0
301   PGa_BRL87                      0.624 0.659 0.475 1.0
302   IPa_BRL87                      0.0 0.604 1.0 1.0
303   TE3_BRL87                      1.0 0.275 0.0 1.0
304   TE2_BRL87                      0.902 0.373 0.0 1.0
305   TE1_BRL87                      1.0 0.561 0.0 1.0
306   TEm_BRL87                      0.0 0.0 1.0 1.0
307   TEa_BRL87                      0.0 1.0 0.973 1.0
308   V2d_LK02                       1.0 1.0 0.0 1.0
309   V3d_LK02                       0.0 1.0 0.0 1.0
310   MT_LK02                        1.0 0.0 0.0 1.0
311   MTc_LK02                       1.0 0.0 0.0 1.0
312   V3a_LK02                       1.0 0.0 1.0 1.0
313   PIP_LK02                       1.0 0.0 0.573 1.0
314   V4d_LK02                       0.0 0.0 1.0 1.0
315   V2v_LK02                       1.0 1.0 0.0 1.0
316   V3v_LK02                       0.0 1.0 0.0 1.0
317   V4v_LK02                       0.0 0.365 0.824 1.0
318   V1_LK02                        0.824 0.224 0.224 1.0
319   8_B05                          1.0 0.0 0.0 1.0
320   6_B05                          0.522 0.118 0.118 1.0
321   4_B05                          1.0 0.067 0.4 1.0
322   9_B05                          1.0 0.722 0.0 1.0
323   3_B05                          0.267 0.769 0.773 1.0
324   1_B05                          1.0 0.467 0.475 1.0
325   5_B05                          0.208 0.302 0.51 1.0
326   7_B05                          0.8 0.267 0.067 1.0
327   2_B05                          0.624 0.0 0.267 1.0
328   23_B05                         0.0 0.271 0.0 1.0
329   19_B05                         1.0 0.867 0.467 1.0
330   22_B05                         0.0 0.8 0.0 1.0
331   21_B05                         0.067 0.867 0.322 1.0
332   20_B05                         0.122 0.2 0.0 1.0
333   24_B05                         0.267 0.267 1.0 1.0
334   10_B05                         1.0 0.0 0.0 1.0
335   25_B05                         0.0 0.475 0.0 1.0
336   11_B05                         0.0 0.624 0.0 1.0
337   17_B05                         1.0 1.0 0.522 1.0
338   18_B05                         1.0 1.0 0.4 1.0
339   27_B05                         0.757 0.322 0.224 1.0
340   28_B05                         0.467 0.322 0.271 1.0
341   26_B05                         0.757 0.2 0.224 1.0
342   V6A_GFG00                      0.475 0.475 0.475 1.0
343   V6_GFG00                       1.0 0.0 1.0 1.0
344   V3_GFG00                       0.0 1.0 0.0 1.0
345   13_B05                         0.224 0.224 0.251 1.0
346   14_B05                         0.373 0.0 0.502 1.0
347   15_B05                         0.259 0.722 1.0 1.0
348   16_B05                         0.773 0.416 1.0 1.0
349   12_B05                         0.475 0.0 1.0 1.0
350   10D_PHT00                      0.0 0.0 0.773 1.0
351   10M_PHT00                      0.0 0.173 0.773 1.0
352   14M_PHT00                      0.0 0.0 0.573 1.0
353   47(12)_PHT00                   1.0 0.173 0.0 1.0
354   46V_PHT00                      0.0 0.353 0.525 1.0
355   46D_PHT00                      0.773 1.0 0.0 1.0
356   10V_PHT00                      0.0 0.0 1.0 1.0
357   9L_PHT00                       0.0 1.0 0.573 1.0
358   9M_PHT00                       0.0 1.0 0.373 1.0
359   9/32_PHT00                     0.0 0.059 0.373 1.0
360   32_PHT00                       0.0 0.475 1.0 1.0
361   11_PHT00                       0.0 0.624 0.0 1.0
362   11M_PHT00                      0.373 0.0 1.0 1.0
363   11L_PHT00                      1.0 0.0 0.373 1.0
364   47(12)O_PHT00                  0.773 0.0 0.0 1.0
365   47(12)L_PHT00                  1.0 0.373 0.0 1.0
366   9/46V_PHT00                    0.875 0.875 0.0 1.0
367   9/46D_PHT00                    0.863 0.573 0.863 1.0
368   10_PHT00                       1.0 0.0 0.0 1.0
369   13L_PHT00                      1.0 0.573 0.0 1.0
370   13a_PHT00                      0.655 0.118 0.624 1.0
371   24a_PHT00                      0.0 0.925 0.475 1.0
372   24b_PHT00                      1.0 0.573 0.322 1.0
373   24c_PHT00                      0.475 0.0 0.063 1.0
374   25_PHT00                       0.0 0.475 0.0 1.0
375   45A_PHT00                      0.773 0.0 0.773 1.0
376   8B_PHT00                       0.4 0.471 1.0 1.0
377   13_PHT00                       0.224 0.224 0.251 1.0
378   13M_PHT00                      1.0 0.773 0.0 1.0
379   14O_PHT00                      0.0 0.0 0.475 1.0
380   V1_PHT00                       0.824 0.224 0.224 1.0
381   V2_PHT00                       1.0 1.0 0.0 1.0
382   V3V_PHT00                      0.0 1.0 0.0 1.0
383   TPO_PHT00                      0.255 0.275 0.475 1.0
384   TAa_PHT00                      0.675 1.0 0.0 1.0
385   ST1_PHT00                      0.173 0.0 0.773 1.0
386   IPa_PHT00                      0.0 0.604 1.0 1.0
387   TEa_PHT00                      0.0 1.0 0.973 1.0
388   FST_PHT00                      0.475 0.224 0.122 1.0
389   MT(V5)_PHT00                   1.0 0.0 0.0 1.0
390   TEO_PHT00                      1.0 0.373 0.624 1.0
391   TLO(36O)_PHT00                 0.0 0.314 0.224 1.0
392   ST2G_PHT00                     0.275 0.973 0.675 1.0
393   ST3_PHT00                      0.875 0.573 0.0 1.0
394   PaAL_PHT00                     0.525 0.0 0.157 1.0
395   TPt_PHT00                      0.522 0.765 0.675 1.0
396   PO_PHT00                       0.216 0.357 0.0 1.0
397   PEC_PHT00                      0.773 0.275 0.353 1.0
398   PEa_PHT00                      0.353 0.573 0.573 1.0
399   V4T_PHT00                      0.475 0.0 0.553 1.0
400   TEOM_PHT00                     0.157 0.224 0.624 1.0
401   TEM_PHT00                      0.675 0.0 1.0 1.0
402   TE3_PHT00                      1.0 0.275 0.0 1.0
403   TE2_PHT00                      0.902 0.373 0.0 1.0
404   TE1_PHT00                      1.0 0.561 0.0 1.0
405   TPPro_PHT00                    0.0 0.275 0.373 1.0
406   TLR(36R)_PHT00                 0.0 0.373 0.275 1.0
407   TF_PHT00                       0.6 1.0 0.0 1.0
408   TL(36)_PHT00                   1.0 0.608 0.0 1.0
409   35_PHT00                       0.467 0.067 0.067 1.0
410   VCoIn_PHT00                    0.314 0.157 0.373 1.0
411   ST2S_PHT00                     0.0 0.275 0.275 1.0
412   PaAR_PHT00                     0.675 0.0 0.173 1.0
413   ProKL_PHT00                    0.0 0.173 0.475 1.0
414   ProK_PHT00                     0.773 0.173 0.275 1.0
415   ProKM_PHT00                    0.0 0.475 0.173 1.0
416   PaIM_PHT00                     0.525 0.0 0.0 1.0
417   PaAC_PHT00                     0.373 0.373 0.773 1.0
418   IPro_PHT00                     0.075 0.875 1.0 1.0
419   AI_PHT00                       0.706 0.922 0.824 1.0
420   DI_PHT00                       0.275 0.275 0.624 1.0
421   GI_PHT00                       0.259 0.318 0.0 1.0
422   ReIT_PHT00                     0.373 0.0 0.0 1.0
423   ReIP_PHT00                     0.0 0.373 0.0 1.0
424   S2I_PHT00                      0.573 0.075 0.373 1.0
425   ReI_PHT00                      0.075 0.075 0.373 1.0
426   PGOp_PHT00                     0.173 0.275 0.373 1.0
427   TPOC_PHT00                     1.0 0.824 0.706 1.0
428   MST_PHT00                      0.573 0.522 0.722 1.0
429   44_PHT00                       1.0 1.0 0.675 1.0
430   6VR(F5)_PHT00                  0.275 0.51 0.275 1.0
431   S2E_PHT00                      0.373 0.075 0.573 1.0
432   PFCx_PHT00                     0.314 0.373 0.475 1.0
433   2_PHT00                        0.624 0.0 0.267 1.0
434   PE_PHT00                       0.251 0.973 0.0 1.0
435   1_PHT00                        1.0 0.467 0.475 1.0
436   3b_PHT00                       0.314 0.675 0.675 1.0
437   3a_PHT00                       0.314 0.475 1.0 1.0
438   4(F1)_PHT00                    0.0 0.373 0.773 1.0
439   6VC(F4)_PHT00                  0.424 0.173 0.722 1.0
440   6DC(F2)_PHT00                  0.275 0.373 0.773 1.0
441   8A_PHT00                       0.024 0.157 0.573 1.0
442   45B_PHT00                      0.0 0.475 0.475 1.0
443   8AV_PHT00                      0.075 0.373 0.973 1.0
444   6DR(F7)_PHT00                  0.173 0.173 0.373 1.0
445   6M_PHT00                       0.173 0.373 0.573 1.0
446   6/32_PHT00                     0.475 0.275 0.075 1.0
447   PECg_PHT00                     0.275 0.612 0.2 1.0
448   31_PHT00                       0.0 0.0 0.322 1.0
449   23c_PHT00                      0.373 0.173 1.0 1.0
450   24d_PHT00                      1.0 0.275 0.173 1.0
451   8/32_PHT00                     0.0 1.0 0.863 1.0
452   OPAI_PHT00                     0.969 0.851 0.573 1.0
453   DIP_PHT00                      0.122 0.373 0.608 1.0
454   POaI_PHT00                     0.973 0.322 0.161 1.0
455   POaE_PHT00                     0.922 0.706 0.463 1.0
456   2Ve_PHT00                      0.153 0.522 0.224 1.0
457   POa_PHT00                      0.871 0.502 0.471 1.0
458   PG_PHT00                       0.024 1.0 0.675 1.0
459   PPt_PHT00                      0.322 0.522 1.0 1.0
460   V4A_PHT00                      0.0 0.675 1.0 1.0
461   DPt_PHT00                      0.173 0.773 0.475 1.0
462   V3A_PHT00                      0.173 0.451 0.173 1.0
463   V3D_PHT00                      0.0 1.0 0.0 1.0
464   V4_PHT00                       0.0 0.0 1.0 1.0
465   V4V_PHT00                      0.0 0.424 0.969 1.0
466   THO_PHT00                      1.0 1.0 0.608 1.0
467   TH_PHT00                       1.0 0.0 0.573 1.0
468   EC_PHT00                       0.624 0.373 0.624 1.0
469   ECL_PHT00                      0.624 0.624 0.373 1.0
470   S2_PHT00                       0.161 0.553 0.275 1.0
471   PFOp_PHT00                     0.314 0.475 0.314 1.0
472   PGa_PHT00                      0.624 0.659 0.475 1.0
473   AKL_PHT00                      0.0 0.173 0.0 1.0
474   AKM_PHT00                      0.0 0.475 0.0 1.0
475   TFO_PHT00                      0.173 0.059 0.412 1.0
476   TFM_PHT00                      0.353 0.51 0.51 1.0
477   TFL_PHT00                      0.373 0.459 0.302 1.0
478   PFG_PHT00                      0.655 0.0 1.0 1.0
479   EI_PHT00                       0.275 0.275 0.573 1.0
480   ELC_PHT00                      0.373 0.624 0.624 1.0
481   ELR_PHT00                      1.0 0.714 0.0 1.0
482   ER_PHT00                       0.675 0.675 0.922 1.0
483   EOI_PHT00                      0.667 0.075 0.353 1.0
484   APir_PHT00                     0.353 0.122 0.722 1.0
485   VCo_PHT00                      0.773 0.173 0.0 1.0
486   AHiMC_PHT00                    0.0 0.259 0.259 1.0
487   CA1_PHT00                      0.773 0.475 1.0 1.0
488   PaS_PHT00                      0.059 0.451 0.824 1.0
489   PrS_PHT00                      0.0 0.451 0.059 1.0
490   S_PHT00                        0.0 0.0 0.902 1.0
491   ProS_PHT00                     0.902 0.51 0.118 1.0
492   CA2_PHT00                      0.0 0.667 0.722 1.0
493   CA3_PHT00                      1.0 0.0 0.773 1.0
494   CA4_PHT00                      1.0 0.98 0.035 1.0
495   V4D_PHT00                      0.0 0.365 0.659 1.0
496   ProSt_PHT00                    0.0 0.0 1.0 1.0
497   JxSt_PHT00                     0.824 0.255 0.118 1.0
498   X?3_PHT00                      0.667 0.667 0.667 0.0
499   X?2_PHT00                      0.667 0.667 0.667 0.0
500   X?_PHT00                       0.667 0.667 0.667 0.0
501   PGM_PHT00                      0.0 0.322 0.224 1.0
502   23_PHT00                       0.0 0.271 0.0 1.0
503   23b_PHT00                      0.275 0.373 1.0 1.0
504   23a_PHT00                      0.373 0.275 1.0 1.0
505   30_PHT00                       0.4 0.0 0.867 1.0
506   29d_PHT00                      0.922 0.275 0.573 1.0
507   29a-c_PHT00                    1.0 0.624 0.773 1.0
508   29a_PHT00                      0.973 0.675 0.0 1.0
509   6DR_PHT00                      0.0 0.675 0.173 1.0
510   24/23c_PHT00                   0.0 0.573 0.275 1.0
511   24/23b_PHT00                   0.224 0.51 0.373 1.0
512   24/23a_PHT00                   0.173 0.573 0.373 1.0
513   8AD_PHT00                      0.408 0.0 1.0 1.0
514   9/46_PHT00                     0.675 0.875 0.0 1.0
515   VDB_PHT00                      0.573 0.373 0.973 1.0
516   2/1_PHT00                      1.0 0.502 0.0 1.0
517   ProM_PHT00                     0.773 1.0 0.773 1.0
518   Gu_PHT00                       0.0 0.173 0.0 1.0
519   OPro_PHT00                     0.773 0.118 0.424 1.0
520   Pir_PHT00                      0.973 0.075 0.0 1.0
521   TPPAI_PHT00                    0.373 0.373 1.0 1.0
522   VACo_PHT00                     0.0 0.353 0.0 1.0
523   BAOT_PHT00                     0.722 0.322 0.412 1.0
524   VCoSu_PHT00                    0.51 0.157 0.322 1.0
525   TT_PHT00                       0.773 0.075 0.275 1.0
526   11_MMF11                       0.0 0.624 0.0 1.0
527   14_MMF11                       0.373 0.0 0.502 1.0
528   2_MMF11                        0.624 0.0 0.267 1.0
529   24a_MMF11                      0.0 0.925 0.475 1.0
530   24b_MMF11                      1.0 0.573 0.322 1.0
531   24d_MMF11                      1.0 0.275 0.173 1.0
532   29-30_MMF11                    0.267 0.0 0.522 1.0
533   2Ve_MMF11                      0.153 0.522 0.224 1.0
534   3_MMF11                        0.267 0.769 0.773 1.0
535   46d_MMF11                      1.0 0.475 0.0 1.0
536   46v_MMF11                      1.0 0.922 0.0 1.0
537   7B_MMF11                       0.373 0.173 0.667 1.0
538   9_MMF11                        1.0 0.722 0.0 1.0
539   9-46d_MMF11                    1.0 0.722 0.0 1.0
540   AuditoryCore_MMF11             0.702 0.271 0.424 1.0
541   F6_MMF11                       0.075 0.875 1.0 1.0
542   F7_MMF11                       1.0 0.22 0.275 1.0
543   LB_MMF11                       0.0 0.255 0.455 1.0
544   LIP_MMF11                      1.0 0.463 0.0 1.0
545   OPAI_MMF11                     0.969 0.851 0.573 1.0
546   PBr_MMF11                      0.769 1.0 1.0 1.0
547   PGa_MMF11                      0.624 0.659 0.475 1.0
548   PO_MMF11                       0.216 0.357 0.0 1.0
549   VIP_MMF11                      0.0 0.722 0.0 1.0
550   IPa_MMF11                      0.0 0.604 1.0 1.0
551   FST_MMF11                      0.475 0.224 0.122 1.0
552   MST_MMF11                      0.573 0.522 0.722 1.0
553   7A_MMF11                       1.0 0.424 0.0 1.0
554   DP_MMF11                       0.573 0.573 0.224 1.0
555   31_MMF11                       0.0 0.0 0.322 1.0
556   8_MMF11                        1.0 0.0 0.0 1.0
557   24c_MMF11                      0.475 0.0 0.063 1.0
558   45A_MMF11                      0.773 0.0 0.773 1.0
559   12_MMF11                       0.475 0.0 1.0 1.0
560   32_MMF11                       0.0 0.475 1.0 1.0
561   10_MMF11                       1.0 0.0 0.0 1.0
562   OPRO_MMF11                     1.0 0.871 0.875 1.0
563   13_MMF11                       0.224 0.224 0.251 1.0
564   ProM_MMF11                     0.773 1.0 0.773 1.0
565   2-1_MMF11                      0.624 0.0 0.267 1.0
566   1_MMF11                        1.0 0.467 0.475 1.0
567   S2_MMF11                       0.161 0.553 0.275 1.0
568   MB_MMF11                       0.502 0.463 0.322 1.0
569   PBc_MMF11                      0.922 0.808 0.216 1.0
570   V3A_MMF11                      0.173 0.451 0.173 1.0
571   V4t_MMF11                      1.0 1.0 0.0 1.0
572   PIP_MMF11                      1.0 0.0 0.573 1.0
573   F4_MMF11                       0.02 0.169 0.506 1.0
574   44_MMF11                       1.0 1.0 0.675 1.0
575   F5_MMF11                       0.722 0.859 1.0 1.0
576   TE_MMF11                       0.353 0.573 0.322 1.0
577   TH-TF_MMF11                    0.412 0.0 0.353 1.0
578   Prostriate_MMF11               1.0 0.624 0.302 1.0
579   MIP_MMF11                      0.204 0.475 0.251 1.0
580   PECg_MMF11                     0.275 0.612 0.2 1.0
581   23_MMF11                       0.0 0.271 0.0 1.0
582   25_MMF11                       0.0 0.475 0.0 1.0
583   TemporalPole_MMF11             0.557 0.0 0.22 1.0
584   Piriform_MMF11                 1.0 1.0 0.0 1.0
585   9-46v_MMF11                    1.0 0.722 0.0 1.0
586   F2_MMF11                       1.0 0.573 1.0 1.0
587   F3_MMF11                       0.573 0.514 0.91 1.0
588   F1_MMF11                       0.373 0.275 0.161 1.0
589   AIP_MMF11                      1.0 0.522 0.0 1.0
590   5_MMF11                        0.208 0.302 0.51 1.0
591   TEO_MMF11                      1.0 0.373 0.624 1.0
592   V1_MMF11                       0.824 0.224 0.224 1.0
593   V3_MMF11                       0.0 1.0 0.0 1.0
594   MT_MMF11                       1.0 0.0 0.0 1.0
595   V2_MMF11                       1.0 1.0 0.0 1.0
596   V4_MMF11                       0.0 0.0 1.0 1.0
597   Entorhinal_MMF11               0.51 0.773 0.224 1.0
598   Unassigned_MMF11               0.667 0.667 0.667 1.0
599   TPt_MMF11                      0.522 0.765 0.675 1.0
600   STP_MMF11                      0.714 0.0 0.322 1.0
601   PGm_MMF11                      0.463 0.055 0.0 1.0
602   Gustatory_MMF11                0.0 0.173 0.0 1.0
603   Insula_MMF11                   0.573 0.275 1.0 1.0
604   Perirhinal_MMF11               0.0 0.0 0.502 1.0
605   HC_Amygdala_MMF11              0.275 0.0 0.0 1.0
606   OB_BB47                        0.325 0.008 0.824 1.0
607   OA_BB47                        0.506 0.02 0.757 1.0
608   PE_BB47                        0.251 0.973 0.0 1.0
609   TA_BB47                        1.0 0.424 0.0 1.0
610   TE_BB47                        0.353 0.573 0.322 1.0
611   TF_BB47                        0.6 1.0 0.0 1.0
612   TH_BB47                        1.0 0.0 0.573 1.0
613   LE_BB47                        0.0 0.357 0.0 1.0
614   LC_BB47                        0.255 0.263 1.0 1.0
615   PC_BB47                        0.259 0.573 1.0 1.0
616   PF_BB47                        0.722 0.675 0.122 1.0
617   PG_BB47                        0.024 1.0 0.675 1.0
618   TC_BB47                        0.157 0.0 0.863 1.0
619   TB_BB47                        0.322 0.412 0.0 1.0
620   TG_BB47                        1.0 1.0 0.0 1.0
621   IB_BB47                        1.0 0.0 0.0 1.0
622   IA_BB47                        0.0 0.0 0.475 1.0
623   PB_BB47                        0.675 0.875 1.0 1.0
624   PA_BB47                        0.259 0.722 1.0 1.0
625   FA_BB47                        0.651 0.173 0.922 1.0
626   LA_BB47                        0.008 0.475 0.765 1.0
627   FB_BB47                        0.475 0.824 1.0 1.0
628   FC_BB47                        0.675 1.0 0.0 1.0
629   FL_BB47                        0.275 0.573 0.0 1.0
630   FF_BB47                        0.306 0.224 0.514 1.0
631   OC_BB47                        0.424 0.016 0.157 1.0
632   V6_GFG99                       1.0 0.0 1.0 1.0
633   10_PGR91                       1.0 0.0 0.0 1.0
634   11_PGR91                       0.0 0.624 0.0 1.0
635   12orb_PGR91                    0.773 0.0 0.0 1.0
636   12vl_PGR91                     1.0 0.0 0.0 1.0
637   13L_PGR91                      1.0 0.573 0.0 1.0
638   13M_PGR91                      1.0 0.773 0.0 1.0
639   14A_PGR91                      0.0 0.0 0.373 1.0
640   14M_PGR91                      0.0 0.0 0.573 1.0
641   14V_PGR91                      0.0 0.173 0.475 1.0
642   14VL_PGR91                     0.0 0.075 0.475 1.0
643   24_PGR91                       0.267 0.267 1.0 1.0
644   45_PGR91                       0.075 0.224 0.075 1.0
645   46d_PGR91                      1.0 0.475 0.0 1.0
646   46dr_PGR91                     0.875 1.0 0.0 1.0
647   46v_PGR91                      1.0 0.922 0.0 1.0
648   46vr_PGR91                     0.875 0.875 0.0 1.0
649   6D_PGR91                       0.573 1.0 0.0 1.0
650   6Ds_PGR91                      0.373 1.0 0.0 1.0
651   6M_PGR91                       0.173 0.373 0.573 1.0
652   6V_PGR91                       0.573 1.0 0.0 1.0
653   6Va_PGR91                      0.675 1.0 0.0 1.0
654   6Vb_PGR91                      0.475 1.0 0.0 1.0
655   8Ac_PGR91                      0.0 1.0 0.0 1.0
656   8Ar_PGR91                      0.0 0.773 0.0 1.0
657   8Bd_PGR91                      0.173 0.773 0.0 1.0
658   8Bm_PGR91                      0.173 1.0 0.0 1.0
659   9d_PGR91                       0.0 1.0 0.573 1.0
660   9m_PGR91                       0.0 1.0 0.373 1.0
661   FPC_PGR91                      0.0 0.773 0.173 1.0
662   IG_PGR91                       0.173 0.573 0.173 1.0
663   IL_PGR91                       0.373 1.0 0.0 1.0
664   MFc_PGR91                      0.173 0.773 0.0 1.0
665   MFr_PGR91                      0.173 1.0 0.173 1.0
666   OFO_PGR91                      0.373 0.0 0.0 1.0
667   PL_PGR91                       0.173 1.0 0.0 1.0
668   Para_PGR91                     0.173 1.0 0.373 1.0
669   PrCO_PGR91                     0.0 0.373 0.0 1.0
670   46r_PGR91                      0.773 0.773 0.0 1.0
671   11l_FOA00                      0.973 0.0 0.0 1.0
672   11m_FOA00                      0.0 0.573 0.0 1.0
673   12m_FOA00                      0.573 0.0 0.0 1.0
674   13l_FOA00                      0.973 0.573 0.0 1.0
675   12o_FOA00                      0.922 0.0 0.863 1.0
676   Ial_FOA00                      0.424 0.075 0.0 1.0
677   Iai_FOA00                      0.0 0.0 1.0 1.0
678   13m_FOA00                      1.0 0.467 0.0 1.0
679   Iapm_FOA00                     0.553 0.173 0.0 1.0
680   Iam_FOA00                      0.667 0.373 0.0 1.0
681   13a_FOA00                      0.655 0.118 0.624 1.0
682   13b_FOA00                      1.0 1.0 0.0 1.0
683   14c_FOA00                      0.0 0.357 1.0 1.0
684   25_FOA00                       0.0 0.475 0.0 1.0
685   14r_FOA00                      0.0 0.612 0.973 1.0
686   32_FOA00                       0.0 0.475 1.0 1.0
687   12r_FOA00                      0.718 0.024 0.0 1.0
688   12l_FOA00                      0.475 0.0 1.0 1.0
689   10m_FOA00                      0.0 0.0 0.973 1.0
690   10o_FOA00                      0.0 0.125 0.722 1.0
691   CA1'_PHT00                     0.0 0.004 0.475 1.0
692   SOMATOSENSORY                  0.118 0.51 0.902 1.0
693   MOTOR                          0.788 0.0 0.82 1.0
694   VISION                         1.0 0.0 0.0 1.0
695   AUDITORY                       0.004 0.424 0.275 1.0
696   OLFACTORY                      0.659 0.424 0.0 1.0
697   COGNITIVE                      1.0 1.0 0.0 1.0
698   GUSTATORY                      0.0 0.0 0.471 1.0
699   VISION.V1                      1.0 0.0 0.0 1.0
700   EMOTION                        0.384 0.0 0.953 1.0
701   V2_LV00                        1.0 1.0 0.0 1.0
702   MT_KMA09                       1.0 0.0 0.0 1.0
703   V4t_KMA09                      1.0 1.0 0.0 1.0
704   PITd_KMA09                     0.173 1.0 0.204 1.0
705   FST_KMA09                      0.475 0.224 0.122 1.0
706   MSTv_KMA09                     0.275 0.42 0.851 1.0
707   MTp_KMA09                      0.863 0.475 0.475 1.0
708   24b_FOA00                      1.0 0.573 0.322 1.0
709   AHiPC_PHT00                    0.667 0.667 0.667 0.0
710   24c_FOA00                      0.667 0.667 0.667 0.0
711   24a_FOA00                      0.667 0.667 0.667 0.0
712   ER_MMF11                       1.0 0.788 0.0 1.0
713   1_M132                         0.2 0.2 0.2 1.0
714   10_M132                        0.541 0.071 0.314 1.0
715   11_M132                        0.0 0.0 0.502 1.0
716   12_M132                        0.937 0.902 0.545 1.0
717   13_M132                        0.682 0.208 0.122 1.0
718   14_M132                        0.4 0.804 0.667 1.0
719   23_M132                        0.086 0.478 0.086 1.0
720   24a_M132                       0.0 0.675 0.631 1.0
721   24b_M132                       0.392 0.584 0.718 1.0
722   24c_M132                       0.392 0.373 0.737 1.0
723   24d_M132                       0.275 0.573 0.494 1.0
724   25_M132                        0.251 0.0 0.502 1.0
725   2_M132                         0.643 0.243 0.278 1.0
726   31_M132                        1.0 1.0 0.388 1.0
727   32_M132                        1.0 0.8 0.4 1.0
728   3_M132                         1.0 0.612 0.361 1.0
729   44_M132                        0.204 0.161 0.42 1.0
730   45A_M132                       0.38 0.769 1.0 1.0
731   45B_M132                       0.4 0.263 0.075 1.0
732   46d_M132                       0.831 1.0 0.62 1.0
733   46v_M132                       1.0 1.0 0.878 1.0
734   5_M132                         1.0 0.91 0.0 1.0
735   7A_M132                        0.89 0.49 0.439 1.0
736   7B_M132                        0.573 0.282 1.0 1.0
737   7m_M132                        0.533 0.541 0.875 1.0
738   7op_M132                       1.0 0.753 0.788 1.0
739   8B_M132                        1.0 0.157 0.459 1.0
740   8l_M132                        0.808 0.839 0.855 1.0
741   8m_M132                        0.31 0.655 0.18 1.0
742   8r_M132                        0.929 0.937 0.773 1.0
743   9_M132                         0.255 0.412 0.878 1.0
744   AIP_M132                       0.557 0.82 0.455 1.0
745   DP_M132                        0.282 0.675 0.0 1.0
746   F1_M132                        0.325 0.612 0.082 1.0
747   F2_M132                        1.0 0.729 0.275 1.0
748   F3_M132                        0.863 0.463 0.545 1.0
749   F4_M132                        0.906 0.467 0.0 1.0
750   F5_M132                        0.82 0.337 0.675 1.0
751   F6_M132                        0.408 0.275 0.31 1.0
752   F7_M132                        0.02 0.294 0.169 1.0
753   FST_M132                       1.0 0.0 0.0 1.0
754   Gu_M132                        0.09 0.314 0.424 1.0
755   IPa_M132                       1.0 0.384 0.0 1.0
756   LB_M132                        0.31 0.486 0.675 1.0
757   LIP_M132                       0.0 0.584 1.0 1.0
758   MB_M132                        0.533 0.678 0.588 1.0
759   MIP_M132                       0.486 0.486 0.486 1.0
760   MST_M132                       0.659 1.0 0.0 1.0
761   MT_M132                        0.0 0.773 0.776 1.0
762   OPAI_M132                      0.494 0.494 0.494 1.0
763   PBc_M132                       0.875 0.769 0.302 1.0
764   PBr_M132                       0.094 0.0 0.424 1.0
765   PGa_M132                       0.094 0.224 0.0 1.0
766   PIP_M132                       0.0 0.0 0.769 1.0
767   PO_M132                        0.945 0.0 0.608 1.0
768   VIP_M132                       0.584 0.184 0.792 1.0
769   STPr_M132                      0.408 0.22 0.122 1.0
770   STPi_M132                      0.353 0.0 0.153 1.0
771   STPc_M132                      1.0 0.722 0.0 1.0
772   TPt_M132                       0.0 0.333 0.333 1.0
773   S2_M132                        0.78 0.027 0.0 1.0
774   ProM_M132                      0.353 0.733 0.353 1.0
775   TEO_M132                       0.816 0.275 0.09 1.0
776   V2_M132                        0.0 0.29 0.094 1.0
777   V3_M132                        0.973 0.522 0.0 1.0
778   V1_M132                        0.294 0.0 0.604 1.0
779   V3A_M132                       1.0 0.31 0.0 1.0
780   V4_M132                        0.675 0.0 0.0 1.0
781   V4t_M132                       0.863 0.0 0.157 1.0
782   V6_M132                        0.0 0.71 0.49 1.0
783   V6A_M132                       1.0 0.122 0.557 1.0
784   TEOm_M132                      1.0 1.0 0.42 1.0
785   TEpd_M132                      0.137 0.341 0.153 1.0
786   TEpv_M132                      0.231 0.094 0.561 1.0
787   TEad_M132                      0.0 0.906 0.0 1.0
788   TEav_M132                      0.89 0.584 0.271 1.0
789   9_46d_M132                     0.612 0.914 0.224 1.0
790   9_46v_M132                     0.976 1.0 0.02 1.0
791   Aud-core_M132                  0.667 0.667 0.667 0.0
792   Entorhinal_M132                0.667 0.667 0.667 0.0
793   Insula_M132                    0.667 0.667 0.667 0.0
794   OPRO_M132                      1.0 0.871 0.875 1.0
795   Perirhinal_M132                0.667 0.667 0.667 0.0
796   Piriform_M132                  0.667 0.667 0.667 0.0
797   Subiculum_M132                 0.667 0.667 0.667 0.0
798   TH_TF_M132                     0.914 0.416 0.0 1.0
799   Prostriate_M132                0.667 0.667 0.667 0.0
800   Temporal-pole_M132             0.667 0.667 0.667 0.0
801   TEam-p_M132                    0.667 0.667 0.667 0.0
802   TEam-a_M132                    0.667 0.667 0.667 0.0
803   29_30_M132                     0.0 0.0 1.0 1.0
804   Pi_M132                        0.667 0.667 0.667 0.0
805   10d_pr_FOA00PHT00              0.0 0.0 0.772549 1.0
806   10m_pr_FOA00PHT00              0.0 0.0 0.972549 1.0
807   12l_pr_FOA00PHT00              0.47451 0.0 1.0 1.0
808   12r_pr_FOA00PHT00              0.717647 0.0235294 0.0 1.0
809   24aa_FOA00PHT00                0.0 0.92549 0.47451 1.0
810   24ap_FOA00PHT00                0.0 0.0901961 0.333333 0.643137
811   24ba_FOA00PHT00                0.0 0.52549 0.827451 0.219608
812   24bp_FOA00PHT00                0.0 0.827451 0.0588235 0.2
813   24ca_FOA00PHT00                0.47451 0.0 0.0627451 1.0
814   24cp_FOA00PHT00                0.0 0.596078 0.564706 1.0
815   32_pr_FOA00PHT00               0.0 0.47451 1.0 1.0
816   46d_pr_FOA00PHT00              0.772549 1.0 0.0 1.0
817   46v_pr_FOA00PHT00              0.0 0.352941 0.52549 1.0
818   OPro_pr_FOA00PHT00             0.772549 0.117647 0.423529 1.0
