0   ???                            1.0 1.0 1.0 0.0
1   1_M132                         1.0 0.466667 0.478431 1.0
2   10_M132                        1.0 0.0 0.0 1.0
3   11_M132                        0.0 0.627451 0.0 1.0
4   12_M132                        0.486275 0.0 1.0 1.0
5   13_M132                        0.235294 0.235294 0.25098 1.0
6   14_M132                        0.372549 0.0 0.501961 1.0
7   23_M132                        0.0 0.270588 0.0 1.0
8   24a_M132                       0.0 0.937255 0.47451 1.0
9   24b_M132                       1.0 0.572549 0.321569 1.0
10   24c_M132                       0.47451 0.0 0.0627451 1.0
11   24d_M132                       1.0 0.278431 0.180392 1.0
12   25_M132                        0.0 0.482353 0.0 1.0
13   2_M132                         0.627451 0.0 0.266667 1.0
14   31_M132                        0.0 0.0 0.333333 1.0
15   32_M132                        0.0 0.47451 1.0 1.0
16   3_M132                         0.266667 0.768627 0.772549 1.0
17   44_M132                        1.0 1.0 0.678431 1.0
18   45A_M132                       0.780392 0.0 0.780392 1.0
19   45B_M132                       0.0 0.482353 0.486275 1.0
20   46d_M132                       1.0 0.47451 0.0 1.0
21   46v_M132                       1.0 0.921569 0.0 1.0
22   5_M132                         0.207843 0.301961 0.509804 1.0
23   7A_M132                        0.576471 0.211765 0.0235294 1.0
24   7B_M132                        0.372549 0.180392 0.666667 1.0
25   7m_M132                        0.8 0.266667 0.0666667 1.0
26   7op_M132                       0.0 0.188235 0.776471 1.0
27   8B_M132                        0.4 0.470588 1.0 1.0
28   8l_M132                        0.639216 0.0 0.0 1.0
29   8m_M132                        0.439216 0.180392 0.0 1.0
30   8r_M132                        0.929412 0.0 0.203922 1.0
31   9_46d_M132                     0.47451 0.623529 0.0 1.0
32   9_46v_M132                     0.772549 1.0 0.0 1.0
33   9_M132                         1.0 0.721569 0.0 1.0
34   AIP_M132                       0.662745 0.521569 0.0 1.0
35   Core_M132                      1.0 0.313726 0.47451 1.0
36   DP_M132                        0.588235 0.588235 0.223529 1.0
37   Ento_M132                      0.509804 0.784314 0.223529 1.0
38   F1_M132                        0.372549 0.290196 0.160784 1.0
39   F2_M132                        1.0 0.580392 1.0 1.0
40   F3_M132                        0.584314 0.513726 0.909804 1.0
41   F4_M132                        0.0196078 0.168627 0.505882 1.0
42   F5_M132                        0.721569 0.858824 1.0 1.0
43   F6_M132                        0.0901961 0.878431 1.0 1.0
44   F7_M132                        1.0 0.219608 0.27451 1.0
45   FST_M132                       0.482353 0.227451 0.121569 1.0
46   Gu_M132                        0.0 0.188235 0.0 1.0
47   Ins_M132                       0.572549 0.27451 1.0 1.0
48   IPa_M132                       0.0 0.603922 1.0 1.0
49   LB_M132                        0.0 0.254902 0.454902 1.0
50   LIP_M132                       1.0 0.462745 0.0 1.0
51   MB_M132                        0.501961 0.235294 0.32549 1.0
52   MedialWall_M132                0.0745098 0.0745098 0.0745098 1.0
53   MIP_M132                       0.203922 0.478431 0.25098 1.0
54   MST_M132                       0.572549 0.521569 0.72549 1.0
55   MT_M132                        1.0 0.0 0.0 1.0
56   OPAI_M132                      0.968627 0.85098 0.580392 1.0
57   Opro_M132                      0.286275 0.172549 0.552941 1.0
58   PBc_M132                       0.92549 0.807843 0.215686 1.0
59   PBr_M132                       0.768627 1.0 1.0 1.0
60   Peri_M132                      0.180392 0.172549 0.552941 1.0
61   PGa_M132                       0.486275 0.658824 0.4 1.0
62   PIP_M132                       1.0 0.0 0.588235 1.0
63   Pir_M132                       0.972549 0.0862745 0.0 1.0
64   PO_M132                        0.215686 0.356863 0.0 1.0
65   VIP_M132                       0.0 0.721569 0.0 1.0
66   STPr_M132                      0.270588 0.0 0.627451 1.0
67   STPi_M132                      0.403922 0.0 0.329412 1.0
68   STPc_M132                      0.709804 0.0 0.329412 1.0
69   TPt_M132                       0.521569 0.764706 0.678431 1.0
70   S2_M132                        0.160784 0.552941 0.278431 1.0
71   ProM_M132                      0.772549 1.0 0.784314 1.0
72   Sub_M132                       0.117647 0.509804 0.901961 1.0
73   TH/TF_M132                     1.0 0.0 0.576471 1.0
74   TEO_M132                       1.0 0.372549 0.631373 1.0
75   V2_M132                        1.0 1.0 0.0 1.0
76   V3_M132                        0.0 1.0 0.0 1.0
77   V1_M132                        0.823529 0.223529 0.223529 1.0
78   V3A_M132                       0.184314 0.45098 0.184314 1.0
79   V4_M132                        0.0 0.0 1.0 1.0
80   V4t_M132                       0.678431 0.0666667 0.517647 1.0
81   V6_M132                        0.654902 0.0 1.0 1.0
82   V6A_M132                       0.137255 0.737255 0.486275 1.0
83   Pro. St._M132                  1.0 0.0509804 0.721569 1.0
84   TEMPORAL-POLE_M132             0.521569 0.0 0.47451 1.0
85   TEOm_M132                      0.27451 0.454902 0.678431 1.0
86   TEa_m-p_M132                   0.380392 0.862745 0.666667 1.0
87   TEpd_M132                      0.87451 0.635294 0.0 1.0
88   TEpv_M132                      0.678431 0.819608 0.0 1.0
89   TEa_m-a_M132                   0.380392 0.862745 0.666667 1.0
90   TEad_M132                      0.0 1.0 0.972549 1.0
91   TEav_M132                      0.0 1.0 0.407843 1.0
92   29_30_M132                     0.733333 0.266667 1.0 1.0
93   Pi_M132                        0.686275 0.890196 1.0 1.0
